23,14,5,6,5,21,26,5,26,21
0
31x28
0000000000000000000000000000
0111111111111001111111111110
0100001000001001000001000010
0 000010000010010000010000 0
0100001000001001000001000010
0111111111111111111111111110
0100001001000000001001000010
0100001001000000001001000010
0111111001111001111001111110
000000100000 00 000001000000
000000100000 00 000001000000
000000100          001000000
000000100 00000000 001000000
000000100 0      0 001000000
      1   0      0   1      
000000100 0      0 001000000
000000100 00000000 001000000
000000100          001000000
000000100 00000000 001000000
000000100 00000000 001000000
0111111111111001111111111110
0100001000001001000001000010
0100001000001001000001000010
0 110011111111111111110011 0
0001001001000000001001001000
0001001001000000001001001000
0111111001111001111001111110
0100000000001001000000000010
0100000000001001000000000010
0111111111111111111111111110
0000000000000000000000000000